covered_points,tot_points,k
5,1022,1
10,1022,1
10,1022,1
6,1022,1
8,1022,1
4,1022,1
17,1022,1
7,1022,1
8,1022,1
4,1022,1
11,1022,1
9,1022,1
5,1022,1
8,1022,1
7,1022,1
3,1022,1
4,1022,1
17,1022,1
6,1022,1
8,1022,1
16,1022,1
6,1022,1
6,1022,1
3,1022,1
12,1022,1
18,1022,1
7,1022,1
2,1022,1
2,1022,1
11,1022,1
7,1022,1
20,1022,1
7,1022,1
6,1022,1
16,1022,1
4,1022,1
9,1022,1
9,1022,1
10,1022,1
5,1022,1
6,1022,1
6,1022,1
10,1022,1
2,1022,1
4,1022,1
10,1022,1
5,1022,1
9,1022,1
6,1022,1
6,1022,1
11,1022,1
8,1022,1
9,1022,1
7,1022,1
6,1022,1
6,1022,1
3,1022,1
12,1022,1
16,1022,1
4,1022,1
3,1022,1
22,1022,1
9,1022,1
13,1022,1
16,1022,1
11,1022,1
7,1022,1
4,1022,1
10,1022,1
9,1022,1
17,1022,1
10,1022,1
6,1022,1
2,1022,1
7,1022,1
8,1022,1
10,1022,1
9,1022,1
15,1022,1
6,1022,1
12,1022,1
13,1022,1
8,1022,1
12,1022,1
10,1022,1
9,1022,1
13,1022,1
9,1022,1
8,1022,1
7,1022,1
12,1022,1
9,1022,1
11,1022,1
9,1022,1
8,1022,1
10,1022,1
7,1022,1
7,1022,1
7,1022,1
11,1022,1
11,1022,1
4,1022,1
6,1022,1
7,1022,1
10,1022,1
10,1022,1
9,1022,1
6,1022,1
10,1022,1
4,1022,1
6,1022,1
10,1022,1
6,1022,1
8,1022,1
13,1022,1
6,1022,1
4,1022,1
7,1022,1
7,1022,1
11,1022,1
7,1022,1
9,1022,1
5,1022,1
5,1022,1
17,1022,1
8,1022,1
8,1022,1
5,1022,1
5,1022,1
7,1022,1
6,1022,1
11,1022,1
4,1022,1
6,1022,1
5,1022,1
6,1022,1
14,1022,1
6,1022,1
8,1022,1
8,1022,1
5,1022,1
9,1022,1
10,1022,1
7,1022,1
5,1022,1
5,1022,1
4,1022,1
12,1022,1
12,1022,1
4,1022,1
11,1022,1
10,1022,1
13,1022,1
10,1022,1
14,1022,1
5,1022,1
5,1022,1
4,1022,1
10,1022,1
6,1022,1
8,1022,1
8,1022,1
7,1022,1
11,1022,1
6,1022,1
9,1022,1
10,1022,1
10,1022,1
9,1022,1
5,1022,1
8,1022,1
1,1022,1
10,1022,1
10,1022,1
16,1022,1
6,1022,1
5,1022,1
9,1022,1
1,1022,1
13,1022,1
9,1022,1
8,1022,1
7,1022,1
6,1022,1
14,1022,1
8,1022,1
12,1022,1
11,1022,1
10,1022,1
7,1022,1
9,1022,1
6,1022,1
5,1022,1
8,1022,1
5,1022,1
4,1022,1
12,1022,1
12,1022,1
11,1022,1
9,1022,1
8,1022,1
19,1022,1
9,1022,1
9,1022,1
6,1022,1
15,1022,1
11,1022,1
11,1022,1
9,1022,1
9,1022,1
9,1022,1
11,1022,1
12,1022,1
6,1022,1
10,1022,1
10,1022,1
6,1022,1
9,1022,1
8,1022,1
6,1022,1
6,1022,1
14,1022,1
10,1022,1
6,1022,1
5,1022,1
13,1022,1
4,1022,1
16,1022,1
11,1022,1
8,1022,1
13,1022,1
7,1022,1
4,1022,1
8,1022,1
7,1022,1
6,1022,1
6,1022,1
2,1022,1
9,1022,1
4,1022,1
10,1022,1
7,1022,1
11,1022,1
7,1022,1
7,1022,1
7,1022,1
9,1022,1
15,1022,1
9,1022,1
14,1022,1
8,1022,1
3,1022,1
3,1022,1
9,1022,1
14,1022,1
11,1022,1
6,1022,1
1,1022,1
12,1022,1
13,1022,1
7,1022,1
7,1022,1
5,1022,1
5,1022,1
11,1022,1
1,1022,1
8,1022,1
10,1022,1
10,1022,1
12,1022,1
12,1022,1
7,1022,1
2,1022,1
12,1022,1
8,1022,1
8,1022,1
5,1022,1
14,1022,1
13,1022,1
7,1022,1
11,1022,1
7,1022,1
8,1022,1
6,1022,1
5,1022,1
8,1022,1
9,1022,1
9,1022,1
11,1022,1
4,1022,1
5,1022,1
12,1022,1
9,1022,1
4,1022,1
5,1022,1
9,1022,1
10,1022,1
7,1022,1
7,1022,1
9,1022,1
10,1022,1
7,1022,1
6,1022,1
14,1022,1
6,1022,1
11,1022,1
4,1022,1
11,1022,1
2,1022,1
7,1022,1
13,1022,1
10,1022,1
8,1022,1
7,1022,1
9,1022,1
4,1022,1
5,1022,1
6,1022,1
5,1022,1
7,1022,1
10,1022,1
20,1022,1
5,1022,1
6,1022,1
7,1022,1
4,1022,1
13,1022,1
10,1022,1
6,1022,1
3,1022,1
7,1022,1
14,1022,1
4,1022,1
11,1022,1
3,1022,1
9,1022,1
9,1022,1
11,1022,1
8,1022,1
7,1022,1
6,1022,1
5,1022,1
7,1022,1
7,1022,1
9,1022,1
8,1022,1
13,1022,1
12,1022,1
11,1022,1
6,1022,1
9,1022,1
7,1022,1
1,1022,1
6,1022,1
10,1022,1
8,1022,1
9,1022,1
6,1022,1
10,1022,1
10,1022,1
3,1022,1
4,1022,1
11,1022,1
5,1022,1
5,1022,1
8,1022,1
11,1022,1
5,1022,1
9,1022,1
8,1022,1
9,1022,1
11,1022,1
4,1022,1
5,1022,1
6,1022,1
9,1022,1
5,1022,1
11,1022,1
5,1022,1
11,1022,1
4,1022,1
6,1022,1
10,1022,1
6,1022,1
4,1022,1
11,1022,1
11,1022,1
11,1022,1
7,1022,1
7,1022,1
8,1022,1
7,1022,1
12,1022,1
13,1022,1
6,1022,1
11,1022,1
10,1022,1
13,1022,1
7,1022,1
5,1022,1
11,1022,1
9,1022,1
4,1022,1
6,1022,1
6,1022,1
11,1022,1
9,1022,1
1,1022,1
13,1022,1
7,1022,1
9,1022,1
7,1022,1
6,1022,1
11,1022,1
8,1022,1
6,1022,1
6,1022,1
5,1022,1
9,1022,1
7,1022,1
6,1022,1
9,1022,1
5,1022,1
7,1022,1
8,1022,1
18,1022,1
8,1022,1
7,1022,1
4,1022,1
5,1022,1
4,1022,1
7,1022,1
7,1022,1
4,1022,1
7,1022,1
9,1022,1
16,1022,1
9,1022,1
4,1022,1
8,1022,1
5,1022,1
7,1022,1
8,1022,1
7,1022,1
15,1022,1
13,1022,1
8,1022,1
8,1022,1
11,1022,1
11,1022,1
8,1022,1
11,1022,1
5,1022,1
7,1022,1
3,1022,1
10,1022,1
6,1022,1
9,1022,1
6,1022,1
8,1022,1
5,1022,1
8,1022,1
8,1022,1
5,1022,1
5,1022,1
6,1022,1
5,1022,1
7,1022,1
9,1022,1
6,1022,1
10,1022,1
10,1022,1
6,1022,1
3,1022,1
8,1022,1
6,1022,1
1,1022,1
5,1022,1
12,1022,1
9,1022,1
15,1022,1
14,1022,1
1,1022,1
7,1022,1
12,1022,1
3,1022,1
5,1022,1
7,1022,1
6,1022,1
6,1022,1
20,1022,1
12,1022,1
7,1022,1
2,1022,1
7,1022,1
6,1022,1
3,1022,1
6,1022,1
10,1022,1
10,1022,1
6,1022,1
9,1022,1
4,1022,1
7,1022,1
12,1022,1
14,1022,1
5,1022,1
10,1022,1
5,1022,1
7,1022,1
13,1022,1
9,1022,1
8,1022,1
7,1022,1
3,1022,1
9,1022,1
10,1022,1
12,1022,1
14,1022,1
10,1022,1
5,1022,1
6,1022,1
12,1022,1
7,1022,1
6,1022,1
8,1022,1
9,1022,1
7,1022,1
11,1022,1
12,1022,1
5,1022,1
4,1022,1
5,1022,1
11,1022,1
10,1022,1
7,1022,1
3,1022,1
2,1022,1
7,1022,1
4,1022,1
12,1022,1
11,1022,1
13,1022,1
5,1022,1
4,1022,1
9,1022,1
12,1022,1
10,1022,1
5,1022,1
10,1022,1
8,1022,1
3,1022,1
12,1022,1
11,1022,1
5,1022,1
7,1022,1
7,1022,1
14,1022,1
5,1022,1
11,1022,1
6,1022,1
4,1022,1
7,1022,1
10,1022,1
5,1022,1
8,1022,1
4,1022,1
9,1022,1
9,1022,1
9,1022,1
9,1022,1
7,1022,1
6,1022,1
5,1022,1
9,1022,1
9,1022,1
11,1022,1
10,1022,1
7,1022,1
6,1022,1
8,1022,1
6,1022,1
3,1022,1
2,1022,1
7,1022,1
15,1022,1
8,1022,1
7,1022,1
11,1022,1
7,1022,1
9,1022,1
12,1022,1
11,1022,1
7,1022,1
14,1022,1
11,1022,1
6,1022,1
11,1022,1
5,1022,1
7,1022,1
7,1022,1
3,1022,1
9,1022,1
6,1022,1
4,1022,1
1,1022,1
10,1022,1
13,1022,1
5,1022,1
8,1022,1
8,1022,1
5,1022,1
11,1022,1
7,1022,1
9,1022,1
5,1022,1
10,1022,1
4,1022,1
11,1022,1
4,1022,1
5,1022,1
9,1022,1
6,1022,1
11,1022,1
10,1022,1
5,1022,1
2,1022,1
8,1022,1
12,1022,1
6,1022,1
7,1022,1
3,1022,1
8,1022,1
9,1022,1
4,1022,1
6,1022,1
8,1022,1
13,1022,1
19,1022,1
10,1022,1
5,1022,1
11,1022,1
7,1022,1
9,1022,1
11,1022,1
9,1022,1
6,1022,1
10,1022,1
3,1022,1
12,1022,1
8,1022,1
12,1022,1
14,1022,1
6,1022,1
5,1022,1
6,1022,1
6,1022,1
13,1022,1
13,1022,1
11,1022,1
11,1022,1
7,1022,1
11,1022,1
7,1022,1
8,1022,1
5,1022,1
5,1022,1
6,1022,1
7,1022,1
17,1022,1
6,1022,1
12,1022,1
7,1022,1
7,1022,1
10,1022,1
3,1022,1
2,1022,1
9,1022,1
4,1022,1
12,1022,1
4,1022,1
4,1022,1
8,1022,1
13,1022,1
11,1022,1
5,1022,1
4,1022,1
11,1022,1
5,1022,1
3,1022,1
10,1022,1
11,1022,1
9,1022,1
5,1022,1
9,1022,1
7,1022,1
5,1022,1
11,1022,1
7,1022,1
11,1022,1
10,1022,1
10,1022,1
8,1022,1
8,1022,1
3,1022,1
3,1022,1
8,1022,1
8,1022,1
7,1022,1
10,1022,1
8,1022,1
14,1022,1
8,1022,1
11,1022,1
5,1022,1
6,1022,1
8,1022,1
16,1022,1
3,1022,1
10,1022,1
6,1022,1
12,1022,1
6,1022,1
10,1022,1
10,1022,1
11,1022,1
5,1022,1
10,1022,1
9,1022,1
6,1022,1
8,1022,1
5,1022,1
10,1022,1
7,1022,1
9,1022,1
8,1022,1
1,1022,1
16,1022,1
11,1022,1
10,1022,1
9,1022,1
7,1022,1
2,1022,1
6,1022,1
10,1022,1
8,1022,1
11,1022,1
2,1022,1
4,1022,1
13,1022,1
9,1022,1
11,1022,1
1,1022,1
12,1022,1
4,1022,1
3,1022,1
8,1022,1
10,1022,1
11,1022,1
8,1022,1
7,1022,1
6,1022,1
7,1022,1
11,1022,1
8,1022,1
1,1022,1
11,1022,1
7,1022,1
13,1022,1
11,1022,1
7,1022,1
5,1022,1
7,1022,1
6,1022,1
4,1022,1
10,1022,1
9,1022,1
6,1022,1
11,1022,1
14,1022,1
7,1022,1
5,1022,1
7,1022,1
4,1022,1
10,1022,1
7,1022,1
7,1022,1
10,1022,1
7,1022,1
16,1022,1
6,1022,1
10,1022,1
8,1022,1
7,1022,1
6,1022,1
12,1022,1
4,1022,1
7,1022,1
16,1022,1
6,1022,1
8,1022,1
13,1022,1
10,1022,1
7,1022,1
9,1022,1
12,1022,1
9,1022,1
9,1022,1
9,1022,1
6,1022,1
9,1022,1
7,1022,1
9,1022,1
16,1022,1
7,1022,1
2,1022,1
13,1022,1
5,1022,1
5,1022,1
5,1022,1
13,1022,1
5,1022,1
5,1022,1
7,1022,1
9,1022,1
6,1022,1
6,1022,1
12,1022,1
10,1022,1
11,1022,1
6,1022,1
6,1022,1
6,1022,1
4,1022,1
5,1022,1
5,1022,1
4,1022,1
7,1022,1
10,1022,1
13,1022,1
10,1022,1
17,1022,1
10,1022,1
7,1022,1
8,1022,1
13,1022,1
8,1022,1
9,1022,1
6,1022,1
13,1022,1
9,1022,1
10,1022,1
4,1022,1
10,1022,1
10,1022,1
13,1022,1
5,1022,1
4,1022,1
3,1022,1
12,1022,1
6,1022,1
9,1022,1
5,1022,1
5,1022,1
8,1022,1
4,1022,1
7,1022,1
8,1022,1
6,1022,1
8,1022,1
11,1022,1
8,1022,1
11,1022,1
17,1022,1
8,1022,1
11,1022,1
10,1022,1
9,1022,1
7,1022,1
6,1022,1
13,1022,1
11,1022,1
4,1022,1
5,1022,1
6,1022,1
10,1022,1
4,1022,1
5,1022,1
6,1022,1
6,1022,1
12,1022,1
6,1022,1
10,1022,1
11,1022,1
6,1022,1
6,1022,1
6,1022,1
10,1022,1
4,1022,1
13,1022,1
5,1022,1
11,1022,1
3,1022,1
6,1022,1
6,1022,1
8,1022,1
9,1022,1
5,1022,1
10,1022,1
10,1022,1
8,1022,1
4,1022,1
9,1022,1
7,1022,1
11,1022,1
8,1022,1
8,1022,1
4,1022,1
7,1022,1
7,1022,1
10,1022,1
9,1022,1
12,1022,1
4,1022,1
7,1022,1
4,1022,1
7,1022,1
7,1022,1
7,1022,1
5,1022,1
5,1022,1
9,1022,1
7,1022,1
8,1022,1
10,1022,1
5,1022,1
8,1022,1
5,1022,1
5,1022,1
5,1022,1
7,1022,1
13,1022,1
7,1022,1
6,1022,1
11,1022,1
6,1022,1
6,1022,1
9,1022,1
5,1022,1
10,1022,1
13,1022,1
11,1022,1
16,1022,1
8,1022,1
5,1022,1
16,1022,1
6,1022,1
8,1022,1
5,1022,1
15,1022,1
9,1022,1
9,1022,1
7,1022,1
9,1022,1
11,1022,1
7,1022,1
5,1022,1
10,1022,1
7,1022,1
6,1022,1
6,1022,1
5,1022,1
8,1022,1
8,1022,1
6,1022,1
16,1022,1
10,1022,1
4,1022,1
6,1022,1
10,1022,1
3,1022,1
5,1022,1
6,1022,1
9,1022,1
4,1022,1
6,1022,1
10,1022,1
6,1022,1
16,1022,1
6,1022,1
8,1022,1
9,1022,1
10,1022,1
11,1022,1
7,1022,1
10,1022,1
11,1022,1
6,1022,1
12,1022,1
13,1022,1
29,1022,3
17,1022,3
16,1022,3
28,1022,3
16,1022,3
20,1022,3
23,1022,3
28,1022,3
26,1022,3
25,1022,3
25,1022,3
34,1022,3
17,1022,3
17,1022,3
18,1022,3
24,1022,3
22,1022,3
32,1022,3
35,1022,3
29,1022,3
20,1022,3
22,1022,3
21,1022,3
21,1022,3
37,1022,3
36,1022,3
20,1022,3
32,1022,3
29,1022,3
20,1022,3
38,1022,3
25,1022,3
32,1022,3
37,1022,3
24,1022,3
12,1022,3
20,1022,3
19,1022,3
15,1022,3
30,1022,3
22,1022,3
21,1022,3
25,1022,3
18,1022,3
33,1022,3
17,1022,3
21,1022,3
23,1022,3
25,1022,3
18,1022,3
22,1022,3
26,1022,3
17,1022,3
20,1022,3
21,1022,3
17,1022,3
23,1022,3
30,1022,3
20,1022,3
18,1022,3
25,1022,3
20,1022,3
21,1022,3
27,1022,3
26,1022,3
19,1022,3
28,1022,3
17,1022,3
24,1022,3
18,1022,3
20,1022,3
28,1022,3
17,1022,3
19,1022,3
19,1022,3
25,1022,3
15,1022,3
23,1022,3
21,1022,3
23,1022,3
23,1022,3
29,1022,3
23,1022,3
25,1022,3
24,1022,3
26,1022,3
28,1022,3
18,1022,3
16,1022,3
23,1022,3
23,1022,3
33,1022,3
18,1022,3
27,1022,3
21,1022,3
22,1022,3
25,1022,3
32,1022,3
19,1022,3
21,1022,3
21,1022,3
20,1022,3
19,1022,3
29,1022,3
35,1022,3
18,1022,3
16,1022,3
25,1022,3
18,1022,3
23,1022,3
14,1022,3
18,1022,3
36,1022,3
32,1022,3
27,1022,3
23,1022,3
26,1022,3
28,1022,3
33,1022,3
20,1022,3
24,1022,3
22,1022,3
33,1022,3
26,1022,3
25,1022,3
18,1022,3
18,1022,3
34,1022,3
15,1022,3
37,1022,3
25,1022,3
30,1022,3
24,1022,3
22,1022,3
21,1022,3
22,1022,3
29,1022,3
26,1022,3
28,1022,3
21,1022,3
32,1022,3
12,1022,3
18,1022,3
34,1022,3
26,1022,3
24,1022,3
26,1022,3
28,1022,3
26,1022,3
31,1022,3
35,1022,3
27,1022,3
21,1022,3
18,1022,3
27,1022,3
25,1022,3
24,1022,3
24,1022,3
27,1022,3
21,1022,3
26,1022,3
22,1022,3
28,1022,3
30,1022,3
33,1022,3
20,1022,3
29,1022,3
30,1022,3
35,1022,3
22,1022,3
24,1022,3
24,1022,3
23,1022,3
16,1022,3
26,1022,3
29,1022,3
29,1022,3
22,1022,3
19,1022,3
28,1022,3
22,1022,3
21,1022,3
20,1022,3
24,1022,3
23,1022,3
19,1022,3
30,1022,3
13,1022,3
28,1022,3
18,1022,3
23,1022,3
27,1022,3
23,1022,3
26,1022,3
16,1022,3
31,1022,3
26,1022,3
33,1022,3
24,1022,3
37,1022,3
15,1022,3
38,1022,3
17,1022,3
18,1022,3
30,1022,3
31,1022,3
21,1022,3
27,1022,3
20,1022,3
27,1022,3
16,1022,3
30,1022,3
25,1022,3
24,1022,3
26,1022,3
28,1022,3
25,1022,3
29,1022,3
27,1022,3
21,1022,3
23,1022,3
27,1022,3
27,1022,3
21,1022,3
37,1022,3
20,1022,3
22,1022,3
11,1022,3
22,1022,3
17,1022,3
19,1022,3
23,1022,3
32,1022,3
23,1022,3
29,1022,3
25,1022,3
23,1022,3
27,1022,3
13,1022,3
30,1022,3
20,1022,3
21,1022,3
18,1022,3
26,1022,3
19,1022,3
24,1022,3
21,1022,3
25,1022,3
27,1022,3
19,1022,3
35,1022,3
27,1022,3
25,1022,3
26,1022,3
21,1022,3
22,1022,3
23,1022,3
34,1022,3
27,1022,3
20,1022,3
21,1022,3
17,1022,3
25,1022,3
25,1022,3
25,1022,3
34,1022,3
24,1022,3
23,1022,3
19,1022,3
18,1022,3
31,1022,3
17,1022,3
21,1022,3
23,1022,3
41,1022,3
36,1022,3
19,1022,3
22,1022,3
38,1022,3
34,1022,3
26,1022,3
19,1022,3
25,1022,3
29,1022,3
27,1022,3
17,1022,3
30,1022,3
27,1022,3
35,1022,3
25,1022,3
20,1022,3
25,1022,3
23,1022,3
20,1022,3
19,1022,3
26,1022,3
27,1022,3
30,1022,3
24,1022,3
17,1022,3
33,1022,3
22,1022,3
19,1022,3
33,1022,3
26,1022,3
30,1022,3
18,1022,3
30,1022,3
34,1022,3
23,1022,3
24,1022,3
18,1022,3
17,1022,3
18,1022,3
26,1022,3
28,1022,3
22,1022,3
18,1022,3
26,1022,3
34,1022,3
23,1022,3
15,1022,3
27,1022,3
30,1022,3
34,1022,3
36,1022,3
25,1022,3
22,1022,3
20,1022,3
20,1022,3
16,1022,3
39,1022,3
17,1022,3
20,1022,3
29,1022,3
34,1022,3
30,1022,3
24,1022,3
14,1022,3
20,1022,3
26,1022,3
21,1022,3
18,1022,3
32,1022,3
30,1022,3
19,1022,3
19,1022,3
28,1022,3
31,1022,3
13,1022,3
24,1022,3
15,1022,3
23,1022,3
23,1022,3
26,1022,3
28,1022,3
19,1022,3
27,1022,3
20,1022,3
25,1022,3
24,1022,3
16,1022,3
16,1022,3
27,1022,3
30,1022,3
24,1022,3
20,1022,3
18,1022,3
20,1022,3
15,1022,3
14,1022,3
23,1022,3
21,1022,3
22,1022,3
17,1022,3
22,1022,3
27,1022,3
17,1022,3
23,1022,3
30,1022,3
19,1022,3
35,1022,3
25,1022,3
20,1022,3
32,1022,3
32,1022,3
19,1022,3
26,1022,3
11,1022,3
36,1022,3
28,1022,3
24,1022,3
21,1022,3
19,1022,3
35,1022,3
14,1022,3
21,1022,3
23,1022,3
27,1022,3
28,1022,3
22,1022,3
18,1022,3
17,1022,3
18,1022,3
30,1022,3
9,1022,3
31,1022,3
21,1022,3
26,1022,3
25,1022,3
30,1022,3
27,1022,3
30,1022,3
29,1022,3
16,1022,3
28,1022,3
15,1022,3
24,1022,3
24,1022,3
31,1022,3
31,1022,3
27,1022,3
19,1022,3
23,1022,3
22,1022,3
26,1022,3
15,1022,3
29,1022,3
22,1022,3
17,1022,3
30,1022,3
24,1022,3
18,1022,3
19,1022,3
27,1022,3
22,1022,3
30,1022,3
34,1022,3
20,1022,3
37,1022,3
25,1022,3
19,1022,3
19,1022,3
24,1022,3
25,1022,3
24,1022,3
29,1022,3
29,1022,3
17,1022,3
19,1022,3
22,1022,3
12,1022,3
26,1022,3
23,1022,3
19,1022,3
34,1022,3
17,1022,3
22,1022,3
32,1022,3
24,1022,3
21,1022,3
21,1022,3
28,1022,3
18,1022,3
11,1022,3
25,1022,3
29,1022,3
32,1022,3
17,1022,3
31,1022,3
27,1022,3
18,1022,3
24,1022,3
27,1022,3
23,1022,3
21,1022,3
24,1022,3
20,1022,3
21,1022,3
32,1022,3
22,1022,3
12,1022,3
22,1022,3
23,1022,3
18,1022,3
18,1022,3
28,1022,3
19,1022,3
36,1022,3
19,1022,3
28,1022,3
25,1022,3
25,1022,3
30,1022,3
14,1022,3
34,1022,3
20,1022,3
21,1022,3
20,1022,3
17,1022,3
26,1022,3
28,1022,3
19,1022,3
23,1022,3
22,1022,3
34,1022,3
25,1022,3
20,1022,3
24,1022,3
31,1022,3
17,1022,3
22,1022,3
25,1022,3
33,1022,3
27,1022,3
17,1022,3
17,1022,3
22,1022,3
11,1022,3
28,1022,3
23,1022,3
24,1022,3
25,1022,3
13,1022,3
24,1022,3
19,1022,3
24,1022,3
23,1022,3
16,1022,3
20,1022,3
27,1022,3
16,1022,3
23,1022,3
17,1022,3
19,1022,3
31,1022,3
25,1022,3
29,1022,3
30,1022,3
20,1022,3
27,1022,3
21,1022,3
25,1022,3
37,1022,3
15,1022,3
20,1022,3
29,1022,3
22,1022,3
21,1022,3
24,1022,3
30,1022,3
17,1022,3
22,1022,3
21,1022,3
30,1022,3
23,1022,3
19,1022,3
12,1022,3
22,1022,3
30,1022,3
20,1022,3
12,1022,3
17,1022,3
22,1022,3
36,1022,3
29,1022,3
14,1022,3
19,1022,3
26,1022,3
14,1022,3
16,1022,3
23,1022,3
21,1022,3
25,1022,3
16,1022,3
27,1022,3
30,1022,3
17,1022,3
23,1022,3
20,1022,3
25,1022,3
15,1022,3
17,1022,3
22,1022,3
25,1022,3
27,1022,3
32,1022,3
27,1022,3
25,1022,3
25,1022,3
35,1022,3
24,1022,3
33,1022,3
32,1022,3
20,1022,3
17,1022,3
29,1022,3
11,1022,3
27,1022,3
24,1022,3
21,1022,3
20,1022,3
20,1022,3
18,1022,3
20,1022,3
31,1022,3
24,1022,3
31,1022,3
26,1022,3
16,1022,3
21,1022,3
37,1022,3
14,1022,3
22,1022,3
27,1022,3
19,1022,3
35,1022,3
23,1022,3
25,1022,3
27,1022,3
21,1022,3
18,1022,3
23,1022,3
29,1022,3
15,1022,3
20,1022,3
31,1022,3
30,1022,3
20,1022,3
32,1022,3
21,1022,3
28,1022,3
20,1022,3
27,1022,3
28,1022,3
22,1022,3
21,1022,3
9,1022,3
15,1022,3
20,1022,3
19,1022,3
14,1022,3
27,1022,3
17,1022,3
35,1022,3
22,1022,3
24,1022,3
20,1022,3
24,1022,3
22,1022,3
25,1022,3
28,1022,3
22,1022,3
20,1022,3
13,1022,3
35,1022,3
17,1022,3
21,1022,3
20,1022,3
22,1022,3
23,1022,3
29,1022,3
23,1022,3
18,1022,3
18,1022,3
19,1022,3
19,1022,3
45,1022,3
26,1022,3
32,1022,3
27,1022,3
25,1022,3
22,1022,3
23,1022,3
23,1022,3
19,1022,3
25,1022,3
22,1022,3
16,1022,3
21,1022,3
20,1022,3
18,1022,3
27,1022,3
26,1022,3
18,1022,3
22,1022,3
18,1022,3
37,1022,3
18,1022,3
18,1022,3
25,1022,3
20,1022,3
27,1022,3
25,1022,3
30,1022,3
23,1022,3
20,1022,3
14,1022,3
28,1022,3
17,1022,3
26,1022,3
24,1022,3
30,1022,3
31,1022,3
18,1022,3
23,1022,3
32,1022,3
23,1022,3
23,1022,3
20,1022,3
19,1022,3
26,1022,3
33,1022,3
23,1022,3
24,1022,3
28,1022,3
22,1022,3
32,1022,3
18,1022,3
24,1022,3
32,1022,3
24,1022,3
26,1022,3
27,1022,3
29,1022,3
22,1022,3
27,1022,3
39,1022,3
31,1022,3
22,1022,3
22,1022,3
15,1022,3
21,1022,3
15,1022,3
19,1022,3
28,1022,3
24,1022,3
30,1022,3
16,1022,3
19,1022,3
22,1022,3
19,1022,3
40,1022,3
13,1022,3
23,1022,3
23,1022,3
22,1022,3
17,1022,3
31,1022,3
34,1022,3
19,1022,3
18,1022,3
25,1022,3
18,1022,3
30,1022,3
17,1022,3
30,1022,3
24,1022,3
16,1022,3
18,1022,3
31,1022,3
27,1022,3
30,1022,3
20,1022,3
17,1022,3
21,1022,3
31,1022,3
23,1022,3
19,1022,3
27,1022,3
31,1022,3
27,1022,3
30,1022,3
16,1022,3
26,1022,3
18,1022,3
22,1022,3
14,1022,3
26,1022,3
23,1022,3
22,1022,3
30,1022,3
35,1022,3
20,1022,3
21,1022,3
26,1022,3
21,1022,3
30,1022,3
27,1022,3
21,1022,3
26,1022,3
31,1022,3
33,1022,3
16,1022,3
24,1022,3
18,1022,3
24,1022,3
28,1022,3
25,1022,3
25,1022,3
22,1022,3
36,1022,3
26,1022,3
16,1022,3
20,1022,3
30,1022,3
18,1022,3
18,1022,3
32,1022,3
31,1022,3
19,1022,3
20,1022,3
15,1022,3
32,1022,3
27,1022,3
30,1022,3
20,1022,3
23,1022,3
24,1022,3
26,1022,3
23,1022,3
18,1022,3
25,1022,3
25,1022,3
25,1022,3
25,1022,3
27,1022,3
22,1022,3
19,1022,3
20,1022,3
17,1022,3
15,1022,3
21,1022,3
31,1022,3
20,1022,3
29,1022,3
21,1022,3
25,1022,3
27,1022,3
26,1022,3
24,1022,3
28,1022,3
30,1022,3
21,1022,3
31,1022,3
43,1022,3
15,1022,3
20,1022,3
17,1022,3
25,1022,3
16,1022,3
22,1022,3
21,1022,3
30,1022,3
11,1022,3
27,1022,3
22,1022,3
20,1022,3
21,1022,3
32,1022,3
25,1022,3
26,1022,3
18,1022,3
27,1022,3
23,1022,3
19,1022,3
31,1022,3
27,1022,3
28,1022,3
28,1022,3
13,1022,3
17,1022,3
23,1022,3
26,1022,3
25,1022,3
31,1022,3
27,1022,3
24,1022,3
33,1022,3
23,1022,3
16,1022,3
20,1022,3
25,1022,3
26,1022,3
26,1022,3
18,1022,3
26,1022,3
23,1022,3
19,1022,3
15,1022,3
24,1022,3
29,1022,3
34,1022,3
27,1022,3
27,1022,3
36,1022,3
26,1022,3
26,1022,3
25,1022,3
26,1022,3
22,1022,3
20,1022,3
26,1022,3
30,1022,3
28,1022,3
22,1022,3
27,1022,3
25,1022,3
16,1022,3
21,1022,3
28,1022,3
28,1022,3
19,1022,3
35,1022,3
27,1022,3
30,1022,3
20,1022,3
22,1022,3
28,1022,3
17,1022,3
36,1022,3
30,1022,3
33,1022,3
18,1022,3
13,1022,3
35,1022,3
19,1022,3
23,1022,3
24,1022,3
30,1022,3
18,1022,3
31,1022,3
27,1022,3
28,1022,3
29,1022,3
22,1022,3
24,1022,3
19,1022,3
24,1022,3
18,1022,3
14,1022,3
10,1022,3
19,1022,3
21,1022,3
27,1022,3
23,1022,3
16,1022,3
33,1022,3
28,1022,3
20,1022,3
22,1022,3
20,1022,3
35,1022,3
33,1022,3
25,1022,3
33,1022,3
20,1022,3
22,1022,3
19,1022,3
19,1022,3
25,1022,3
32,1022,3
26,1022,3
31,1022,3
43,1022,3
28,1022,3
30,1022,3
19,1022,3
23,1022,3
26,1022,3
23,1022,3
22,1022,3
23,1022,3
22,1022,3
18,1022,3
21,1022,3
18,1022,3
24,1022,3
21,1022,3
26,1022,3
21,1022,3
25,1022,3
26,1022,3
18,1022,3
21,1022,3
20,1022,3
33,1022,3
25,1022,3
20,1022,3
16,1022,3
37,1022,3
22,1022,3
21,1022,3
21,1022,3
31,1022,3
15,1022,3
22,1022,3
23,1022,3
19,1022,3
36,1022,3
38,1022,5
39,1022,5
35,1022,5
46,1022,5
33,1022,5
37,1022,5
31,1022,5
34,1022,5
39,1022,5
50,1022,5
43,1022,5
38,1022,5
45,1022,5
38,1022,5
39,1022,5
24,1022,5
22,1022,5
39,1022,5
33,1022,5
33,1022,5
43,1022,5
23,1022,5
57,1022,5
36,1022,5
46,1022,5
38,1022,5
39,1022,5
30,1022,5
50,1022,5
41,1022,5
39,1022,5
38,1022,5
49,1022,5
28,1022,5
39,1022,5
43,1022,5
33,1022,5
34,1022,5
39,1022,5
54,1022,5
37,1022,5
34,1022,5
44,1022,5
42,1022,5
33,1022,5
54,1022,5
37,1022,5
41,1022,5
41,1022,5
39,1022,5
45,1022,5
40,1022,5
41,1022,5
25,1022,5
39,1022,5
29,1022,5
48,1022,5
27,1022,5
46,1022,5
34,1022,5
56,1022,5
48,1022,5
44,1022,5
54,1022,5
34,1022,5
41,1022,5
52,1022,5
42,1022,5
37,1022,5
45,1022,5
49,1022,5
30,1022,5
37,1022,5
37,1022,5
43,1022,5
37,1022,5
30,1022,5
44,1022,5
41,1022,5
41,1022,5
46,1022,5
42,1022,5
29,1022,5
38,1022,5
35,1022,5
45,1022,5
40,1022,5
25,1022,5
55,1022,5
41,1022,5
39,1022,5
51,1022,5
38,1022,5
37,1022,5
37,1022,5
29,1022,5
34,1022,5
48,1022,5
44,1022,5
43,1022,5
41,1022,5
46,1022,5
38,1022,5
53,1022,5
35,1022,5
42,1022,5
41,1022,5
34,1022,5
35,1022,5
34,1022,5
39,1022,5
54,1022,5
32,1022,5
36,1022,5
34,1022,5
38,1022,5
38,1022,5
43,1022,5
33,1022,5
32,1022,5
44,1022,5
37,1022,5
40,1022,5
42,1022,5
30,1022,5
44,1022,5
42,1022,5
36,1022,5
49,1022,5
35,1022,5
51,1022,5
47,1022,5
36,1022,5
43,1022,5
41,1022,5
48,1022,5
37,1022,5
40,1022,5
31,1022,5
30,1022,5
39,1022,5
46,1022,5
36,1022,5
43,1022,5
39,1022,5
32,1022,5
38,1022,5
36,1022,5
41,1022,5
32,1022,5
55,1022,5
41,1022,5
38,1022,5
41,1022,5
42,1022,5
38,1022,5
22,1022,5
38,1022,5
36,1022,5
23,1022,5
39,1022,5
31,1022,5
29,1022,5
37,1022,5
42,1022,5
37,1022,5
44,1022,5
44,1022,5
45,1022,5
28,1022,5
50,1022,5
40,1022,5
39,1022,5
45,1022,5
40,1022,5
39,1022,5
41,1022,5
30,1022,5
44,1022,5
46,1022,5
31,1022,5
43,1022,5
28,1022,5
44,1022,5
27,1022,5
37,1022,5
36,1022,5
34,1022,5
38,1022,5
35,1022,5
37,1022,5
40,1022,5
36,1022,5
40,1022,5
39,1022,5
40,1022,5
36,1022,5
50,1022,5
43,1022,5
40,1022,5
44,1022,5
32,1022,5
22,1022,5
45,1022,5
25,1022,5
42,1022,5
32,1022,5
55,1022,5
40,1022,5
35,1022,5
35,1022,5
34,1022,5
38,1022,5
39,1022,5
34,1022,5
45,1022,5
36,1022,5
49,1022,5
31,1022,5
33,1022,5
40,1022,5
29,1022,5
39,1022,5
42,1022,5
42,1022,5
42,1022,5
27,1022,5
35,1022,5
27,1022,5
33,1022,5
36,1022,5
48,1022,5
23,1022,5
38,1022,5
31,1022,5
40,1022,5
43,1022,5
38,1022,5
37,1022,5
44,1022,5
50,1022,5
32,1022,5
38,1022,5
35,1022,5
39,1022,5
29,1022,5
36,1022,5
34,1022,5
30,1022,5
39,1022,5
34,1022,5
34,1022,5
35,1022,5
40,1022,5
37,1022,5
43,1022,5
44,1022,5
30,1022,5
47,1022,5
52,1022,5
33,1022,5
41,1022,5
54,1022,5
34,1022,5
31,1022,5
46,1022,5
50,1022,5
45,1022,5
39,1022,5
44,1022,5
30,1022,5
41,1022,5
52,1022,5
42,1022,5
35,1022,5
40,1022,5
47,1022,5
42,1022,5
25,1022,5
42,1022,5
32,1022,5
28,1022,5
38,1022,5
27,1022,5
49,1022,5
36,1022,5
30,1022,5
40,1022,5
35,1022,5
45,1022,5
40,1022,5
38,1022,5
45,1022,5
46,1022,5
39,1022,5
57,1022,5
40,1022,5
30,1022,5
28,1022,5
49,1022,5
49,1022,5
36,1022,5
41,1022,5
39,1022,5
45,1022,5
31,1022,5
34,1022,5
39,1022,5
30,1022,5
38,1022,5
34,1022,5
46,1022,5
30,1022,5
58,1022,5
54,1022,5
35,1022,5
35,1022,5
43,1022,5
42,1022,5
52,1022,5
41,1022,5
35,1022,5
34,1022,5
44,1022,5
46,1022,5
49,1022,5
40,1022,5
37,1022,5
62,1022,5
42,1022,5
36,1022,5
36,1022,5
42,1022,5
43,1022,5
28,1022,5
36,1022,5
48,1022,5
34,1022,5
56,1022,5
53,1022,5
25,1022,5
43,1022,5
41,1022,5
45,1022,5
55,1022,5
42,1022,5
43,1022,5
33,1022,5
44,1022,5
25,1022,5
32,1022,5
39,1022,5
25,1022,5
34,1022,5
36,1022,5
39,1022,5
57,1022,5
27,1022,5
51,1022,5
31,1022,5
33,1022,5
39,1022,5
33,1022,5
31,1022,5
28,1022,5
44,1022,5
39,1022,5
33,1022,5
54,1022,5
30,1022,5
33,1022,5
45,1022,5
48,1022,5
36,1022,5
42,1022,5
28,1022,5
39,1022,5
35,1022,5
43,1022,5
47,1022,5
50,1022,5
27,1022,5
36,1022,5
43,1022,5
33,1022,5
33,1022,5
23,1022,5
45,1022,5
34,1022,5
35,1022,5
48,1022,5
44,1022,5
38,1022,5
39,1022,5
49,1022,5
35,1022,5
34,1022,5
54,1022,5
50,1022,5
58,1022,5
56,1022,5
52,1022,5
31,1022,5
25,1022,5
36,1022,5
42,1022,5
37,1022,5
36,1022,5
48,1022,5
42,1022,5
41,1022,5
39,1022,5
36,1022,5
37,1022,5
39,1022,5
39,1022,5
32,1022,5
43,1022,5
44,1022,5
44,1022,5
36,1022,5
39,1022,5
21,1022,5
32,1022,5
36,1022,5
43,1022,5
46,1022,5
31,1022,5
34,1022,5
38,1022,5
32,1022,5
46,1022,5
33,1022,5
48,1022,5
40,1022,5
53,1022,5
51,1022,5
35,1022,5
26,1022,5
46,1022,5
42,1022,5
41,1022,5
30,1022,5
39,1022,5
37,1022,5
34,1022,5
43,1022,5
41,1022,5
31,1022,5
32,1022,5
31,1022,5
28,1022,5
45,1022,5
39,1022,5
49,1022,5
38,1022,5
36,1022,5
41,1022,5
45,1022,5
33,1022,5
51,1022,5
45,1022,5
38,1022,5
54,1022,5
37,1022,5
43,1022,5
26,1022,5
51,1022,5
39,1022,5
37,1022,5
36,1022,5
46,1022,5
35,1022,5
33,1022,5
40,1022,5
37,1022,5
45,1022,5
37,1022,5
23,1022,5
37,1022,5
39,1022,5
25,1022,5
35,1022,5
56,1022,5
26,1022,5
26,1022,5
31,1022,5
49,1022,5
38,1022,5
38,1022,5
41,1022,5
55,1022,5
51,1022,5
35,1022,5
40,1022,5
47,1022,5
30,1022,5
54,1022,5
33,1022,5
39,1022,5
46,1022,5
48,1022,5
36,1022,5
41,1022,5
38,1022,5
43,1022,5
52,1022,5
47,1022,5
34,1022,5
32,1022,5
38,1022,5
42,1022,5
35,1022,5
34,1022,5
43,1022,5
48,1022,5
48,1022,5
33,1022,5
39,1022,5
33,1022,5
49,1022,5
29,1022,5
44,1022,5
42,1022,5
41,1022,5
44,1022,5
28,1022,5
56,1022,5
42,1022,5
42,1022,5
36,1022,5
29,1022,5
41,1022,5
50,1022,5
61,1022,5
40,1022,5
40,1022,5
35,1022,5
38,1022,5
44,1022,5
44,1022,5
30,1022,5
41,1022,5
33,1022,5
25,1022,5
37,1022,5
48,1022,5
32,1022,5
42,1022,5
37,1022,5
39,1022,5
42,1022,5
41,1022,5
45,1022,5
54,1022,5
31,1022,5
25,1022,5
43,1022,5
44,1022,5
34,1022,5
32,1022,5
32,1022,5
49,1022,5
45,1022,5
43,1022,5
32,1022,5
49,1022,5
31,1022,5
35,1022,5
56,1022,5
30,1022,5
32,1022,5
31,1022,5
41,1022,5
33,1022,5
34,1022,5
42,1022,5
41,1022,5
37,1022,5
34,1022,5
34,1022,5
35,1022,5
32,1022,5
28,1022,5
41,1022,5
37,1022,5
44,1022,5
38,1022,5
37,1022,5
41,1022,5
46,1022,5
32,1022,5
49,1022,5
47,1022,5
45,1022,5
30,1022,5
24,1022,5
34,1022,5
30,1022,5
48,1022,5
34,1022,5
38,1022,5
30,1022,5
44,1022,5
51,1022,5
39,1022,5
37,1022,5
33,1022,5
46,1022,5
28,1022,5
44,1022,5
46,1022,5
41,1022,5
50,1022,5
43,1022,5
35,1022,5
40,1022,5
31,1022,5
34,1022,5
33,1022,5
40,1022,5
33,1022,5
39,1022,5
53,1022,5
34,1022,5
30,1022,5
49,1022,5
27,1022,5
37,1022,5
38,1022,5
37,1022,5
33,1022,5
45,1022,5
32,1022,5
39,1022,5
37,1022,5
43,1022,5
39,1022,5
46,1022,5
38,1022,5
41,1022,5
41,1022,5
33,1022,5
43,1022,5
46,1022,5
43,1022,5
33,1022,5
32,1022,5
32,1022,5
42,1022,5
39,1022,5
45,1022,5
36,1022,5
49,1022,5
47,1022,5
29,1022,5
35,1022,5
55,1022,5
50,1022,5
50,1022,5
47,1022,5
35,1022,5
40,1022,5
41,1022,5
30,1022,5
40,1022,5
36,1022,5
34,1022,5
33,1022,5
40,1022,5
44,1022,5
45,1022,5
38,1022,5
42,1022,5
37,1022,5
41,1022,5
50,1022,5
42,1022,5
38,1022,5
43,1022,5
36,1022,5
43,1022,5
34,1022,5
36,1022,5
33,1022,5
46,1022,5
44,1022,5
32,1022,5
34,1022,5
34,1022,5
31,1022,5
31,1022,5
25,1022,5
41,1022,5
54,1022,5
38,1022,5
36,1022,5
38,1022,5
32,1022,5
37,1022,5
32,1022,5
41,1022,5
40,1022,5
35,1022,5
48,1022,5
38,1022,5
32,1022,5
47,1022,5
37,1022,5
34,1022,5
41,1022,5
36,1022,5
44,1022,5
40,1022,5
37,1022,5
48,1022,5
43,1022,5
48,1022,5
21,1022,5
42,1022,5
37,1022,5
49,1022,5
36,1022,5
32,1022,5
50,1022,5
45,1022,5
49,1022,5
51,1022,5
44,1022,5
45,1022,5
41,1022,5
38,1022,5
49,1022,5
39,1022,5
40,1022,5
54,1022,5
52,1022,5
42,1022,5
32,1022,5
38,1022,5
31,1022,5
47,1022,5
38,1022,5
38,1022,5
52,1022,5
46,1022,5
49,1022,5
50,1022,5
35,1022,5
44,1022,5
40,1022,5
59,1022,5
49,1022,5
38,1022,5
36,1022,5
49,1022,5
43,1022,5
42,1022,5
33,1022,5
31,1022,5
54,1022,5
56,1022,5
30,1022,5
35,1022,5
35,1022,5
41,1022,5
32,1022,5
45,1022,5
47,1022,5
42,1022,5
34,1022,5
31,1022,5
39,1022,5
38,1022,5
29,1022,5
53,1022,5
38,1022,5
46,1022,5
43,1022,5
33,1022,5
29,1022,5
40,1022,5
33,1022,5
47,1022,5
25,1022,5
32,1022,5
48,1022,5
48,1022,5
41,1022,5
39,1022,5
38,1022,5
33,1022,5
28,1022,5
35,1022,5
38,1022,5
38,1022,5
37,1022,5
40,1022,5
48,1022,5
36,1022,5
36,1022,5
26,1022,5
41,1022,5
38,1022,5
37,1022,5
42,1022,5
47,1022,5
41,1022,5
39,1022,5
37,1022,5
47,1022,5
56,1022,5
34,1022,5
45,1022,5
32,1022,5
27,1022,5
44,1022,5
50,1022,5
31,1022,5
29,1022,5
39,1022,5
38,1022,5
36,1022,5
45,1022,5
34,1022,5
36,1022,5
36,1022,5
31,1022,5
42,1022,5
41,1022,5
36,1022,5
31,1022,5
59,1022,5
49,1022,5
57,1022,5
32,1022,5
35,1022,5
41,1022,5
32,1022,5
37,1022,5
50,1022,5
34,1022,5
42,1022,5
50,1022,5
40,1022,5
30,1022,5
40,1022,5
30,1022,5
33,1022,5
31,1022,5
40,1022,5
41,1022,5
45,1022,5
48,1022,5
29,1022,5
33,1022,5
55,1022,5
46,1022,5
30,1022,5
43,1022,5
45,1022,5
49,1022,5
40,1022,5
42,1022,5
33,1022,5
43,1022,5
38,1022,5
35,1022,5
43,1022,5
31,1022,5
38,1022,5
40,1022,5
39,1022,5
32,1022,5
29,1022,5
36,1022,5
34,1022,5
41,1022,5
31,1022,5
45,1022,5
47,1022,5
40,1022,5
54,1022,5
48,1022,5
39,1022,5
31,1022,5
43,1022,5
37,1022,5
47,1022,5
33,1022,5
42,1022,5
44,1022,5
35,1022,5
41,1022,5
58,1022,5
47,1022,5
34,1022,5
29,1022,5
42,1022,5
38,1022,5
47,1022,5
42,1022,5
42,1022,5
28,1022,5
36,1022,5
48,1022,5
25,1022,5
52,1022,5
59,1022,5
32,1022,5
45,1022,5
29,1022,5
41,1022,5
44,1022,5
41,1022,5
37,1022,5
46,1022,5
51,1022,5
30,1022,5
34,1022,5
41,1022,5
31,1022,5
30,1022,5
37,1022,5
33,1022,5
43,1022,5
45,1022,5
47,1022,5
49,1022,5
56,1022,5
39,1022,5
37,1022,5
47,1022,5
46,1022,5
45,1022,5
45,1022,5
40,1022,5
50,1022,5
44,1022,5
32,1022,5
35,1022,5
36,1022,5
27,1022,5
30,1022,5
37,1022,5
32,1022,5
38,1022,5
24,1022,5
41,1022,5
44,1022,5
38,1022,5
47,1022,5
39,1022,5
50,1022,5
35,1022,5
43,1022,5
43,1022,5
45,1022,5
48,1022,5
25,1022,5
51,1022,5
45,1022,5
45,1022,5
31,1022,5
43,1022,5
56,1022,5
41,1022,5
41,1022,5
33,1022,5
50,1022,5
41,1022,5
28,1022,5
39,1022,5
40,1022,5
49,1022,5
39,1022,5
40,1022,5
45,1022,5
26,1022,5
41,1022,5
46,1022,5
39,1022,5
57,1022,5
42,1022,5
25,1022,5
47,1022,5
28,1022,5
45,1022,5
47,1022,5
34,1022,5
41,1022,5
35,1022,5
40,1022,5
54,1022,5
38,1022,5
41,1022,5
47,1022,5
30,1022,5
36,1022,5
38,1022,5
