k=3
centers=[(116.33013671736265, 39.94673486389547), (116.35964436940064, 39.92171455504671), (116.38631062448721, 39.909639006427845)]
covered_points=49
tot_points=693
covered_points_ratio=0.0707070707070707
iterations=1621
iterations_ratio=0.7997039960532807
locations:
       distance                    geometry   id_location  Unnamed: 0
455  440.077707  POINT (116.32560 39.94484)  7.987408e+04         NaN
637  397.965769  POINT (116.32701 39.94408)  3.357590e+04      1864.0
577  288.095911  POINT (116.33088 39.94421)  1.287663e+04         NaN
475  293.438687  POINT (116.33229 39.94467)  1.463918e+04         NaN
300  423.587474  POINT (116.33394 39.94428)  5.593279e+04         NaN
683  303.762825  POINT (116.33315 39.94527)  6.549113e+04         NaN
275  335.806073  POINT (116.32621 39.94647)  3.398728e+04         NaN
424   423.57858  POINT (116.32633 39.94919)  2.882370e+04         NaN
122   323.51995  POINT (116.32703 39.94841)  6.108809e+04         NaN
186  126.765653  POINT (116.32908 39.94593)  9.626596e+04         NaN
597   80.595209  POINT (116.33030 39.94602)  8.063231e+03         NaN
548  156.757599  POINT (116.33197 39.94681)  2.189118e+03         NaN
262   334.02267  POINT (116.33338 39.94842)  4.765479e+04         NaN
286   75.177938  POINT (116.33018 39.94741)  8.588400e+04         NaN
173  291.080333  POINT (116.33251 39.94862)  3.077366e+04         NaN
283  336.443819  POINT (116.33087 39.94971)  2.983967e+04         NaN
358  303.909214  POINT (116.33231 39.94890)  6.486837e+04         NaN
566  134.428967  POINT (116.33070 39.94786)           NaN         NaN
61   387.066701  POINT (116.35712 39.91882)  8.056454e+03         NaN
509  212.158463  POINT (116.35847 39.92340)  8.040965e+04         NaN
124  232.536867  POINT (116.35713 39.92091)  5.135315e+04         NaN
449  320.843816  POINT (116.36141 39.91917)  8.739679e+04         NaN
103  381.508918  POINT (116.35547 39.92295)  6.935143e+04         NaN
116  425.523506  POINT (116.35479 39.92084)  4.749339e+04         NaN
72   246.825158  POINT (116.35736 39.92308)  2.836935e+04         NaN
608   398.53853  POINT (116.35895 39.92526)  1.752464e+04         NaN
336  141.215805  POINT (116.36125 39.92204)  7.567058e+02         NaN
342  395.083967  POINT (116.36121 39.91837)  4.771402e+04         NaN
669  458.222639  POINT (116.35439 39.92085)  4.864338e+04         NaN
667   464.87427  POINT (116.35739 39.92552)  2.587289e+04         NaN
210   298.74043  POINT (116.36238 39.92003)  2.226958e+04         NaN
504  417.769519  POINT (116.36180 39.92509)  5.839355e+04         NaN
435  199.122866  POINT (116.36146 39.92059)  3.346038e+04         NaN
532         0.0  POINT (116.35964 39.92171)           NaN         NaN
56   474.601773  POINT (116.38112 39.90810)  3.255090e+04       994.0
9    474.592517  POINT (116.39150 39.91117)  6.049100e+09         NaN
308  308.925136  POINT (116.38435 39.91197)  4.736412e+04         NaN
584  428.145057  POINT (116.38601 39.91348)  8.461758e+04         NaN
656  397.880737  POINT (116.38730 39.91314)  8.054607e+04         NaN
429  427.719516  POINT (116.38999 39.91225)  3.107484e+04         NaN
384  252.105828  POINT (116.38699 39.91184)  9.314894e+04         NaN
8    457.663107  POINT (116.39099 39.90763)  6.015524e+09         NaN
580  295.982639  POINT (116.38932 39.91097)  5.647376e+04         NaN
427  287.777203  POINT (116.38611 39.90706)  1.167116e+04         NaN
539   280.53603  POINT (116.38537 39.90722)  3.263433e+04         NaN
594  246.784361  POINT (116.38409 39.90822)  2.388733e+04         NaN
486  102.736689  POINT (116.38748 39.90987)  2.063378e+04         NaN
602  100.762506  POINT (116.38599 39.90877)  5.584153e+04         NaN
10    84.901405  POINT (116.38701 39.90909)           NaN         NaN