k=5
centers=[(116.33013671736266, 39.94673486389547), (116.35964436940064, 39.92171455504671), (116.38631062448721, 39.909639006427845), (116.37932931089628, 39.93379914246825), (116.32727501881233, 39.92089969402546)]
covered_points=77
tot_points=693
covered_points_ratio=0.1111111111111111
iterations=2723
iterations_ratio=0.8251515151515152
locations:
       distance                    geometry   id_location  Unnamed: 0
455  440.077707  POINT (116.32560 39.94484)  79874.082968         NaN
637  397.965769  POINT (116.32701 39.94408)  33575.899185      1864.0
577  288.095911  POINT (116.33088 39.94421)  12876.629564         NaN
475  293.438687  POINT (116.33229 39.94467)  14639.181986         NaN
300  423.587474  POINT (116.33394 39.94428)  55932.794098         NaN
..          ...                         ...           ...         ...
541  163.808331  POINT (116.32647 39.92224)  99249.311724         NaN
355  259.674135  POINT (116.32539 39.92273)   3128.401611         NaN
43   274.442891  POINT (116.32430 39.91996)  86923.073647         NaN
510  429.370436  POINT (116.32344 39.91840)  23417.346303         NaN
503   99.446646  POINT (116.32666 39.92014)           NaN         NaN

[77 rows x 4 columns]