k=1
centers=[(116.32989122433041, 39.946353799143196)]
covered_points=22
tot_points=1022
covered_points_ratio=0.021526418786692758
iterations=888
iterations_ratio=0.8688845401174168
locations:
      Unnamed: 0   id_location                    geometry    distance
954       1880.0  59551.996883  POINT (116.33152 39.95002)  430.975225
417          NaN  33987.275431  POINT (116.32621 39.94647)  313.783322
222          NaN  61088.091589  POINT (116.32703 39.94841)  334.074812
633          NaN  28823.703518  POINT (116.32633 39.94919)  437.234223
840          NaN  12876.629564  POINT (116.33088 39.94421)  253.111008
873          NaN   8063.230627  POINT (116.33030 39.94602)   50.935936
430          NaN  85883.999851  POINT (116.33018 39.94741)  120.030331
804          NaN   2189.117677  POINT (116.33197 39.94681)   184.58015
705          NaN  14639.181986  POINT (116.33229 39.94467)  276.744743
938          NaN  33575.899185  POINT (116.32701 39.94408)  352.738017
824          NaN  73060.674451  POINT (116.33070 39.94786)  181.545636
679          NaN  79874.082968  POINT (116.32560 39.94484)   402.38024
1000         NaN  86379.112364  POINT (116.33399 39.94714)  359.887905
1007         NaN  65491.128911  POINT (116.33315 39.94527)  302.457317
451          NaN  55932.794098  POINT (116.33394 39.94428)  414.897955
400          NaN  47654.792054  POINT (116.33338 39.94842)  375.838691
426          NaN  29839.671670  POINT (116.33087 39.94971)   382.17124
206          NaN  86334.822988  POINT (116.33365 39.94750)  344.854811
517          NaN  11877.459480  POINT (116.33158 39.94798)  231.041825
285          NaN  30773.664918  POINT (116.33251 39.94862)  336.418123
541          NaN  64868.373396  POINT (116.33231 39.94890)  350.373949
299          NaN           NaN  POINT (116.32908 39.94593)   83.420754