k=5
centers=[(116.32989122433041, 39.946353799143196), (116.38819164665976, 39.90941100020944), (116.38052983408981, 39.932333394328424), (116.3693991194579, 39.90895361692876), (116.38931166440362, 39.937631255191796)]
covered_points=99
tot_points=1022
covered_points_ratio=0.09686888454011741
iterations=4388
iterations_ratio=0.8955102040816326
locations:
     Unnamed: 0   id_location                    geometry    distance
954      1880.0  59551.996883  POINT (116.33152 39.95002)  430.975225
417         NaN  33987.275431  POINT (116.32621 39.94647)  313.783322
222         NaN  61088.091589  POINT (116.32703 39.94841)  334.074812
633         NaN  28823.703518  POINT (116.32633 39.94919)  437.234223
840         NaN  12876.629564  POINT (116.33088 39.94421)  253.111008
..          ...           ...                         ...         ...
404         NaN  90571.779274  POINT (116.38914 39.94149)  428.825648
464         NaN   6154.446960  POINT (116.38649 39.94087)  433.376317
395         NaN  51987.633019  POINT (116.38612 39.94071)  437.486138
550         NaN  91202.214196  POINT (116.38459 39.93963)  460.083687
184         NaN           NaN  POINT (116.38627 39.93801)  262.455565

[99 rows x 4 columns]