k=3
centers=[(116.33013671736266, 39.94673486389547), (116.38935536171375, 39.91162541085881), (116.36005467231374, 39.920180285110376)]
covered_points=45
tot_points=643
covered_points_ratio=0.06998444790046657
iterations=1501
iterations_ratio=0.797979797979798
locations:
       distance                    geometry   id_location  Unnamed: 0
422  440.077707  POINT (116.32560 39.94484)  7.987408e+04         NaN
592  397.965769  POINT (116.32701 39.94408)  3.357590e+04      1864.0
537  288.095911  POINT (116.33088 39.94421)  1.287663e+04         NaN
441  293.438687  POINT (116.33229 39.94467)  1.463918e+04         NaN
279  423.587474  POINT (116.33394 39.94428)  5.593279e+04         NaN
634  303.762825  POINT (116.33315 39.94527)  6.549113e+04         NaN
255  335.806073  POINT (116.32621 39.94647)  3.398728e+04         NaN
394   423.57858  POINT (116.32633 39.94919)  2.882370e+04         NaN
170  126.765653  POINT (116.32908 39.94593)  9.626596e+04         NaN
112   323.51995  POINT (116.32703 39.94841)  6.108809e+04         NaN
243   334.02267  POINT (116.33338 39.94842)  4.765479e+04         NaN
555   80.595209  POINT (116.33030 39.94602)  8.063231e+03         NaN
509  156.757599  POINT (116.33197 39.94681)  2.189118e+03         NaN
159  291.080333  POINT (116.33251 39.94862)  3.077366e+04         NaN
265   75.177938  POINT (116.33018 39.94741)  8.588400e+04         NaN
337  303.909214  POINT (116.33231 39.94890)  6.486837e+04         NaN
525  134.428967  POINT (116.33070 39.94786)           NaN         NaN
572   428.15724  POINT (116.38599 39.90877)  5.584153e+04      1858.0
5    189.946992  POINT (116.39150 39.91117)  6.049100e+09         NaN
376  464.998955  POINT (116.39368 39.90908)  9.059107e+04         NaN
49   408.482524  POINT (116.39173 39.91482)  7.528943e+04         NaN
294  428.794251  POINT (116.38435 39.91197)  4.736412e+04         NaN
555  352.265659  POINT (116.38601 39.91348)  8.461758e+04         NaN
334     487.406  POINT (116.38555 39.91489)  5.382083e+04         NaN
515  403.419681  POINT (116.38680 39.91468)  7.728512e+04         NaN
552   73.179856  POINT (116.38932 39.91097)  5.647376e+04         NaN
623  242.515461  POINT (116.38730 39.91314)  8.054607e+04         NaN
366  202.890764  POINT (116.38699 39.91184)  9.314894e+04         NaN
460  252.735136  POINT (116.38748 39.90987)  2.063378e+04         NaN
6    345.510568  POINT (116.38701 39.90909)  6.098822e+09         NaN
408    88.24382  POINT (116.38999 39.91225)           NaN         NaN
608  488.574975  POINT (116.35439 39.92085)  4.864338e+04      1943.0
52   292.326113  POINT (116.35712 39.91882)  8.056454e+03         NaN
462  382.364051  POINT (116.35847 39.92340)  8.040965e+04         NaN
409  161.339747  POINT (116.36141 39.91917)  8.739679e+04         NaN
111  262.323029  POINT (116.35713 39.92091)  5.135315e+04         NaN
485  174.154255  POINT (116.35964 39.92171)  7.011689e+04         NaN
313  229.969484  POINT (116.36125 39.92204)  7.567058e+02         NaN
103  455.352009  POINT (116.35479 39.92084)  4.749339e+04         NaN
63   395.746614  POINT (116.35736 39.92308)  2.836935e+04         NaN
190  198.592706  POINT (116.36238 39.92003)  2.226958e+04         NaN
319  224.035715  POINT (116.36121 39.91837)  4.771402e+04         NaN
399  128.030266  POINT (116.36146 39.92059)  3.346038e+04         NaN
417  488.579617  POINT (116.36572 39.91951)  8.145256e+04         NaN
91   497.772406  POINT (116.35547 39.92295)           NaN         NaN