cluster,probability
1,100
0,71
35,60
15,59
11,54
30,41
38,35
10,29
21,27
14,26
61,23
7,23
31,20
32,19
37,18
55,18
43,17
4,17
41,16
33,13
49,12
34,12
46,12
48,10
58,10
2,9
50,9
27,8
69,8
20,8
70,8
17,8
52,7
51,7
26,7
25,7
18,7
12,7
23,6
47,6
36,6
82,6
9,6
44,6
5,6
16,5
53,5
62,5
75,5
90,5
65,5
64,4
29,4
66,4
59,4
77,4
93,4
60,4
95,3
40,3
100,3
79,3
73,3
57,3
80,3
3,3
28,3
39,3
83,3
13,3
54,3
63,3
6,3
86,3
76,3
89,2
88,2
92,2
101,2
91,2
99,2
98,2
94,2
97,2
96,2
87,2
68,2
85,2
84,2
81,2
78,2
74,2
72,2
71,2
67,2
8,2
56,2
19,2
22,2
45,2
42,2
24,2
102,2
