k=3
centers=[(116.32989122433041, 39.946353799143196), (116.38631062448721, 39.909639006427845), (116.35672990871028, 39.920247338393054)]
covered_points=48
tot_points=693
covered_points_ratio=0.06926406926406926
iterations=1645
iterations_ratio=0.8111439842209073
locations:
     Unnamed: 0   id_location                    geometry    distance
300      1342.0  5.593279e+04  POINT (116.33394 39.94428)  414.897955
577         NaN  1.287663e+04  POINT (116.33088 39.94421)  253.111008
475         NaN  1.463918e+04  POINT (116.33229 39.94467)  276.744743
683         NaN  6.549113e+04  POINT (116.33315 39.94527)  302.457317
455         NaN  7.987408e+04  POINT (116.32560 39.94484)   402.38024
275         NaN  3.398728e+04  POINT (116.32621 39.94647)  313.783322
637         NaN  3.357590e+04  POINT (116.32701 39.94408)  352.738017
424         NaN  2.882370e+04  POINT (116.32633 39.94919)  437.234223
122         NaN  6.108809e+04  POINT (116.32703 39.94841)  334.074812
186         NaN  9.626596e+04  POINT (116.32908 39.94593)   83.420754
597         NaN  8.063231e+03  POINT (116.33030 39.94602)   50.935936
548         NaN  2.189118e+03  POINT (116.33197 39.94681)   184.58015
286         NaN  8.588400e+04  POINT (116.33018 39.94741)  120.030331
566         NaN  7.306067e+04  POINT (116.33070 39.94786)  181.545636
173         NaN  3.077366e+04  POINT (116.33251 39.94862)  336.418123
283         NaN  2.983967e+04  POINT (116.33087 39.94971)   382.17124
358         NaN  6.486837e+04  POINT (116.33231 39.94890)  350.373949
262         NaN           NaN  POINT (116.33338 39.94842)  375.838691
56        994.0  3.255090e+04  POINT (116.38112 39.90810)  474.601773
9           NaN  6.049100e+09  POINT (116.39150 39.91117)  474.592517
314         NaN  4.736412e+04  POINT (116.38435 39.91197)  308.925136
597         NaN  8.461758e+04  POINT (116.38601 39.91348)  428.145057
672         NaN  8.054607e+04  POINT (116.38730 39.91314)  397.880737
438         NaN  3.107484e+04  POINT (116.38999 39.91225)  427.719516
392         NaN  9.314894e+04  POINT (116.38699 39.91184)  252.105828
593         NaN  5.647376e+04  POINT (116.38932 39.91097)  295.982639
8           NaN  6.015524e+09  POINT (116.39099 39.90763)  457.663107
552         NaN  3.263433e+04  POINT (116.38537 39.90722)   280.53603
436         NaN  1.167116e+04  POINT (116.38611 39.90706)  287.777203
607         NaN  2.388733e+04  POINT (116.38409 39.90822)  246.784361
616         NaN  5.584153e+04  POINT (116.38599 39.90877)  100.762506
496         NaN  2.063378e+04  POINT (116.38748 39.90987)  102.736689
10          NaN           NaN  POINT (116.38701 39.90909)   84.901405
531         NaN  7.261315e+04  POINT (116.35402 39.91640)  485.985544
113      1087.0  4.969317e+04  POINT (116.35225 39.92295)  486.189908
57          NaN  8.056454e+03  POINT (116.35712 39.91882)  161.995499
500         NaN  8.040965e+04  POINT (116.35847 39.92340)  380.604343
120         NaN  5.135315e+04  POINT (116.35713 39.92091)   80.938545
523         NaN  7.011689e+04  POINT (116.35964 39.92171)  297.304333
112         NaN  4.749339e+04  POINT (116.35479 39.92084)  178.562901
99          NaN  6.935143e+04  POINT (116.35547 39.92295)  319.428786
441         NaN  8.739679e+04  POINT (116.36141 39.91917)   416.57627
331         NaN  7.567058e+02  POINT (116.36125 39.92204)  433.467264
337         NaN  4.771402e+04  POINT (116.36121 39.91837)  435.188843
206         NaN  2.226958e+04  POINT (116.36238 39.92003)  482.036913
655         NaN  4.864338e+04  POINT (116.35439 39.92085)  210.223854
429         NaN  3.346038e+04  POINT (116.36146 39.92059)  405.058274
68          NaN           NaN  POINT (116.35736 39.92308)  319.321618