k=5
centers=[(116.32989122433041, 39.946353799143196), (116.38631062448721, 39.909639006427845), (116.35672990871028, 39.920247338393054), (116.37932931089628, 39.93379914246825), (116.32727501881233, 39.92089969402546)]
covered_points=76
tot_points=693
covered_points_ratio=0.10966810966810966
iterations=2752
iterations_ratio=0.8331819557977597
locations:
     Unnamed: 0   id_location                    geometry    distance
300      1342.0  55932.794098  POINT (116.33394 39.94428)  414.897955
577         NaN  12876.629564  POINT (116.33088 39.94421)  253.111008
475         NaN  14639.181986  POINT (116.33229 39.94467)  276.744743
683         NaN  65491.128911  POINT (116.33315 39.94527)  302.457317
455         NaN  79874.082968  POINT (116.32560 39.94484)   402.38024
..          ...           ...                         ...         ...
540         NaN  99249.311724  POINT (116.32647 39.92224)  163.808331
354         NaN   3128.401611  POINT (116.32539 39.92273)  259.674135
43          NaN  86923.073647  POINT (116.32430 39.91996)  274.442891
509         NaN  23417.346303  POINT (116.32344 39.91840)  429.370436
503         NaN           NaN  POINT (116.32666 39.92014)   99.446646

[76 rows x 4 columns]