k=5
centers=[(116.32989122433041, 39.946353799143196), (116.38697641059329, 39.904522228414905), (116.3693991194579, 39.90895361692876), (116.31106205076976, 39.97012437025103), (116.33058118678082, 39.93405535399334)]
covered_points=103
tot_points=1114
covered_points_ratio=0.09245960502692999
iterations=4909
iterations_ratio=0.9167133520074696
locations:
      Unnamed: 0   id_location                    geometry    distance
1041      1880.0  59551.996883  POINT (116.33152 39.95002)  430.975225
465          NaN  33987.275431  POINT (116.32621 39.94647)  313.783322
256          NaN  61088.091589  POINT (116.32703 39.94841)  334.074812
959          NaN   8063.230627  POINT (116.33030 39.94602)   50.935936
701          NaN  28823.703518  POINT (116.32633 39.94919)  437.234223
...          ...           ...                         ...         ...
952          NaN  62706.928796  POINT (116.33570 39.93217)  483.886172
778          NaN  32235.007202  POINT (116.33045 39.93130)  306.664927
567          NaN   3725.050834  POINT (116.33381 39.93182)  370.781006
892          NaN  55185.018979  POINT (116.33239 39.93025)  450.650219
487          NaN           NaN  POINT (116.33058 39.93406)         0.0

[103 rows x 4 columns]