k=5
centers=[(116.2051706073496, 39.999916171665156), (116.2855734, 39.9731575), (116.2563253542518, 39.98481671391899), (116.2800812, 39.9637048), (116.20441558761077, 40.03788643372383)]
covered_points=17
tot_points=29
covered_points_ratio=0.5862068965517241
iterations=14
iterations_ratio=0.14
locations:
    Unnamed: 0   id_location                    geometry    distance
24       695.0  6.314692e+08  POINT (116.20449 39.99584)  457.457036
12         NaN  5.956305e+09  POINT (116.20403 40.00389)  452.766012
13         NaN  5.956305e+09  POINT (116.20411 40.00388)  450.234708
23         NaN  6.312024e+08  POINT (116.20502 40.00304)  347.444303
22         NaN  6.312024e+08  POINT (116.20509 40.00231)  265.872557
21         NaN  6.304443e+08  POINT (116.20651 40.00182)  240.719639
2          NaN           NaN  POINT (116.20761 40.00326)  425.635276
4          NaN  5.430448e+09  POINT (116.28743 39.97330)  158.846452
14         NaN  1.823454e+08  POINT (116.28892 39.97178)  323.646932
8          NaN           NaN  POINT (116.28557 39.97316)         0.0
6          NaN  5.621379e+09  POINT (116.25718 39.98452)   79.932366
16         NaN  7.954689e+08  POINT (116.25802 39.98357)  200.338732
18         NaN           NaN  POINT (116.25633 39.98482)         0.0
5        371.0  5.444437e+09  POINT (116.28342 39.96433)  292.702467
3          NaN           NaN  POINT (116.27675 39.96308)  292.704996
9        616.0  1.825403e+08  POINT (116.20168 40.03911)  269.628508
6          NaN           NaN  POINT (116.20715 40.03666)  269.632113