cluster,probability
11,55
3,47
17,47
1,45
26,44
24,41
36,32
10,26
23,25
13,23
61,23
60,21
28,17
39,17
25,16
0,16
30,15
48,14
35,13
5,13
27,13
32,12
42,12
31,10
58,10
45,10
44,9
46,9
55,9
2,9
70,8
14,8
16,8
69,8
19,7
18,7
87,7
47,7
51,7
15,6
9,6
43,6
85,6
20,6
40,6
95,6
6,6
75,5
52,5
62,5
49,5
96,5
22,4
93,4
54,4
79,4
66,4
59,4
65,4
99,4
76,3
73,3
107,3
86,3
101,3
90,3
78,3
82,3
77,3
29,3
111,3
21,3
34,3
12,3
33,3
50,3
53,3
38,3
7,3
57,3
4,3
63,3
64,3
106,2
105,2
104,2
103,2
102,2
108,2
100,2
109,2
110,2
98,2
97,2
37,2
68,2
94,2
41,2
92,2
71,2
89,2
88,2
8,2
84,2
83,2
81,2
80,2
56,2
74,2
67,2
72,2
91,2
