k=1
centers=[(116.32884173826403, 39.945709776524176)]
covered_points=18
tot_points=693
covered_points_ratio=0.025974025974025976
iterations=511
iterations_ratio=0.7373737373737373
locations:
     Unnamed: 0   id_location                    geometry    distance
262      1282.0  47654.792054  POINT (116.33338 39.94842)  490.422296
300      1342.0  55932.794098  POINT (116.33394 39.94428)  462.694143
577         NaN  12876.629564  POINT (116.33088 39.94421)  241.014369
475         NaN  14639.181986  POINT (116.33229 39.94467)  315.435161
683         NaN  65491.128911  POINT (116.33315 39.94527)  370.249533
455         NaN  79874.082968  POINT (116.32560 39.94484)  292.526644
275         NaN  33987.275431  POINT (116.32621 39.94647)  239.302992
637         NaN  33575.899185  POINT (116.32701 39.94408)  239.440115
424         NaN  28823.703518  POINT (116.32633 39.94919)  441.730632
122         NaN  61088.091589  POINT (116.32703 39.94841)  337.466235
186         NaN  96265.957414  POINT (116.32908 39.94593)   32.005551
597         NaN   8063.230627  POINT (116.33030 39.94602)  129.221984
548         NaN   2189.117677  POINT (116.33197 39.94681)  293.645211
286         NaN  85883.999851  POINT (116.33018 39.94741)  220.879844
566         NaN  73060.674451  POINT (116.33070 39.94786)  287.282979
173         NaN  30773.664918  POINT (116.33251 39.94862)  449.759538
283         NaN  29839.671670  POINT (116.33087 39.94971)  476.974832
358         NaN           NaN  POINT (116.33231 39.94890)  461.918718