k=3
centers=[(116.32884173826403, 39.945709776524176), (116.35847371423836, 39.92193212482675), (116.38878378960338, 39.90978224600929)]
covered_points=49
tot_points=693
covered_points_ratio=0.0707070707070707
iterations=1621
iterations_ratio=0.7997039960532807
locations:
     Unnamed: 0   id_location                    geometry    distance
262      1282.0  4.765479e+04  POINT (116.33338 39.94842)  490.422296
300      1342.0  5.593279e+04  POINT (116.33394 39.94428)  462.694143
577         NaN  1.287663e+04  POINT (116.33088 39.94421)  241.014369
475         NaN  1.463918e+04  POINT (116.33229 39.94467)  315.435161
683         NaN  6.549113e+04  POINT (116.33315 39.94527)  370.249533
455         NaN  7.987408e+04  POINT (116.32560 39.94484)  292.526644
275         NaN  3.398728e+04  POINT (116.32621 39.94647)  239.302992
637         NaN  3.357590e+04  POINT (116.32701 39.94408)  239.440115
424         NaN  2.882370e+04  POINT (116.32633 39.94919)  441.730632
122         NaN  6.108809e+04  POINT (116.32703 39.94841)  337.466235
186         NaN  9.626596e+04  POINT (116.32908 39.94593)   32.005551
597         NaN  8.063231e+03  POINT (116.33030 39.94602)  129.221984
548         NaN  2.189118e+03  POINT (116.33197 39.94681)  293.645211
286         NaN  8.588400e+04  POINT (116.33018 39.94741)  220.879844
566         NaN  7.306067e+04  POINT (116.33070 39.94786)  287.282979
173         NaN  3.077366e+04  POINT (116.33251 39.94862)  449.759538
283         NaN  2.983967e+04  POINT (116.33087 39.94971)  476.974832
358         NaN           NaN  POINT (116.33231 39.94890)  461.918718
61          NaN  8.056454e+03  POINT (116.35712 39.91882)  364.632287
124         NaN  5.135315e+04  POINT (116.35713 39.92091)  161.644367
449         NaN  8.739679e+04  POINT (116.36141 39.91917)  396.500327
103         NaN  6.935143e+04  POINT (116.35547 39.92295)  280.002367
532         NaN  7.011689e+04  POINT (116.35964 39.92171)  102.720344
116         NaN  4.749339e+04  POINT (116.35479 39.92084)  337.014533
72          NaN  2.836935e+04  POINT (116.35736 39.92308)  158.903061
608         NaN  1.752464e+04  POINT (116.35895 39.92526)   372.23483
336         NaN  7.567058e+02  POINT (116.36125 39.92204)  236.742284
342         NaN  4.771402e+04  POINT (116.36121 39.91837)  459.622417
669         NaN  4.864338e+04  POINT (116.35439 39.92085)  368.449132
667         NaN  2.587289e+04  POINT (116.35739 39.92552)  409.574181
210         NaN  2.226958e+04  POINT (116.36238 39.92003)  394.145634
504         NaN  5.839355e+04  POINT (116.36180 39.92509)  451.266694
435         NaN  3.346038e+04  POINT (116.36146 39.92059)  295.231092
509         NaN           NaN  POINT (116.35847 39.92340)       163.0
584         NaN  8.461758e+04  POINT (116.38601 39.91348)   474.64765
394      1519.0  9.059107e+04  POINT (116.39368 39.90908)  424.940841
9           NaN  6.049100e+09  POINT (116.39150 39.91117)  278.774453
308         NaN  4.736412e+04  POINT (116.38435 39.91197)  450.016051
656         NaN  8.054607e+04  POINT (116.38730 39.91314)  393.636643
429         NaN  3.107484e+04  POINT (116.38999 39.91225)  293.214408
384         NaN  9.314894e+04  POINT (116.38699 39.91184)  275.518871
8           NaN  6.015524e+09  POINT (116.39099 39.90763)    304.5626
580         NaN  5.647376e+04  POINT (116.38932 39.91097)  139.477576
427         NaN  1.167116e+04  POINT (116.38611 39.90706)  379.601019
539         NaN  3.263433e+04  POINT (116.38537 39.90722)  407.276484
594         NaN  2.388733e+04  POINT (116.38409 39.90822)  436.537991
486         NaN  2.063378e+04  POINT (116.38748 39.90987)  111.778824
10          NaN  6.098822e+09  POINT (116.38701 39.90909)  169.792411
602         NaN           NaN  POINT (116.38599 39.90877)  263.475841