k=5
centers=[(116.32884173826403, 39.945709776524176), (116.35847371423836, 39.92193212482675), (116.38878378960338, 39.90978224600929), (116.37932931089628, 39.93379914246825), (116.32727501881233, 39.92089969402546)]
covered_points=77
tot_points=693
covered_points_ratio=0.1111111111111111
iterations=2721
iterations_ratio=0.8245454545454546
locations:
     Unnamed: 0   id_location                    geometry    distance
262      1282.0  47654.792054  POINT (116.33338 39.94842)  490.422296
300      1342.0  55932.794098  POINT (116.33394 39.94428)  462.694143
577         NaN  12876.629564  POINT (116.33088 39.94421)  241.014369
475         NaN  14639.181986  POINT (116.33229 39.94467)  315.435161
683         NaN  65491.128911  POINT (116.33315 39.94527)  370.249533
..          ...           ...                         ...         ...
541         NaN  99249.311724  POINT (116.32647 39.92224)  163.808331
356         NaN   3128.401611  POINT (116.32539 39.92273)  259.674135
43          NaN  86923.073647  POINT (116.32430 39.91996)  274.442891
510         NaN  23417.346303  POINT (116.32344 39.91840)  429.370436
503         NaN           NaN  POINT (116.32666 39.92014)   99.446646

[77 rows x 4 columns]