k=5
centers=[(116.33013671736265, 39.94673486389547), (116.38935536171375, 39.91162541085881), (116.36005467231374, 39.92018028511037), (116.38268391595942, 39.93150723003862), (116.33056789622034, 39.92191700237411)]
covered_points=71
tot_points=643
covered_points_ratio=0.1104199066874028
iterations=2524
iterations_ratio=0.8237597911227154
locations:
       distance                    geometry   id_location  Unnamed: 0
422  440.077707  POINT (116.32560 39.94484)  79874.082968         NaN
592  397.965769  POINT (116.32701 39.94408)  33575.899185      1864.0
537  288.095911  POINT (116.33088 39.94421)  12876.629564         NaN
441  293.438687  POINT (116.33229 39.94467)  14639.181986         NaN
279  423.587474  POINT (116.33394 39.94428)  55932.794098         NaN
..          ...                         ...           ...         ...
562  452.320872  POINT (116.33047 39.91785)  55687.896670         NaN
467  387.225667  POINT (116.32666 39.92014)  87163.801715         NaN
157  480.561182  POINT (116.33519 39.92439)   6286.406915         NaN
503  351.146971  POINT (116.32647 39.92224)  99249.311724         NaN
331  450.812121  POINT (116.32539 39.92273)           NaN         NaN

[71 rows x 4 columns]