k=3
centers=[(116.2051706073496, 39.999916171665156), (116.2845798, 39.9970627), (116.28891882379072, 39.97177953072769)]
covered_points=15
tot_points=41
covered_points_ratio=0.36585365853658536
iterations=24
iterations_ratio=0.22857142857142856
locations:
    Unnamed: 0   id_location                    geometry    distance
35       695.0  6.314692e+08  POINT (116.20449 39.99584)  457.457036
17         NaN  5.956305e+09  POINT (116.20403 40.00389)  452.766012
18         NaN  5.956305e+09  POINT (116.20411 40.00388)  450.234708
32         NaN  6.304443e+08  POINT (116.20651 40.00182)  240.719639
33         NaN  6.312024e+08  POINT (116.20509 40.00231)  265.872557
34         NaN  6.312024e+08  POINT (116.20502 40.00304)  347.444303
2          NaN           NaN  POINT (116.20761 40.00326)  425.635276
33         NaN  8.906006e+08  POINT (116.28630 39.99748)  153.936869
21         NaN  1.217034e+08  POINT (116.28450 39.99832)  140.354235
24         NaN  1.749298e+08  POINT (116.28466 39.99630)   85.319248
17         NaN           NaN  POINT (116.28458 39.99706)         0.0
7          NaN  5.430448e+09  POINT (116.28743 39.97330)  211.172522
21         NaN  1.648952e+08  POINT (116.29025 39.97324)  198.452968
11         NaN  5.621379e+09  POINT (116.28557 39.97316)  323.646932
22         NaN           NaN  POINT (116.28892 39.97178)         0.0