k=1
centers=[(116.33013671736265, 39.94673486389547)]
covered_points=17
tot_points=643
covered_points_ratio=0.026438569206842923
iterations=472
iterations_ratio=0.7340590979782271
locations:
       distance                    geometry   id_location  Unnamed: 0
422  440.077707  POINT (116.32560 39.94484)  79874.082968         NaN
592  397.965769  POINT (116.32701 39.94408)  33575.899185      1864.0
537  288.095911  POINT (116.33088 39.94421)  12876.629564         NaN
441  293.438687  POINT (116.33229 39.94467)  14639.181986         NaN
279  423.587474  POINT (116.33394 39.94428)  55932.794098         NaN
634  303.762825  POINT (116.33315 39.94527)  65491.128911         NaN
255  335.806073  POINT (116.32621 39.94647)  33987.275431         NaN
394   423.57858  POINT (116.32633 39.94919)  28823.703518         NaN
170  126.765653  POINT (116.32908 39.94593)  96265.957414         NaN
112   323.51995  POINT (116.32703 39.94841)  61088.091589         NaN
243   334.02267  POINT (116.33338 39.94842)  47654.792054         NaN
555   80.595209  POINT (116.33030 39.94602)   8063.230627         NaN
509  156.757599  POINT (116.33197 39.94681)   2189.117677         NaN
159  291.080333  POINT (116.33251 39.94862)  30773.664918         NaN
265   75.177938  POINT (116.33018 39.94741)  85883.999851         NaN
337  303.909214  POINT (116.33231 39.94890)  64868.373396         NaN
525  134.428967  POINT (116.33070 39.94786)           NaN         NaN