k=3
centers=[(116.33013671736265, 39.94673486389547), (116.38631062448721, 39.909639006427845), (116.37932931089628, 39.93379914246825)]
covered_points=48
tot_points=693
covered_points_ratio=0.06926406926406926
iterations=1645
iterations_ratio=0.8111439842209073
locations:
       distance                    geometry   id_location  Unnamed: 0
455  440.077707  POINT (116.32560 39.94484)  7.987408e+04         NaN
637  397.965769  POINT (116.32701 39.94408)  3.357590e+04      1864.0
577  288.095911  POINT (116.33088 39.94421)  1.287663e+04         NaN
475  293.438687  POINT (116.33229 39.94467)  1.463918e+04         NaN
300  423.587474  POINT (116.33394 39.94428)  5.593279e+04         NaN
683  303.762825  POINT (116.33315 39.94527)  6.549113e+04         NaN
275  335.806073  POINT (116.32621 39.94647)  3.398728e+04         NaN
424   423.57858  POINT (116.32633 39.94919)  2.882370e+04         NaN
122   323.51995  POINT (116.32703 39.94841)  6.108809e+04         NaN
186  126.765653  POINT (116.32908 39.94593)  9.626596e+04         NaN
597   80.595209  POINT (116.33030 39.94602)  8.063231e+03         NaN
548  156.757599  POINT (116.33197 39.94681)  2.189118e+03         NaN
262   334.02267  POINT (116.33338 39.94842)  4.765479e+04         NaN
286   75.177938  POINT (116.33018 39.94741)  8.588400e+04         NaN
173  291.080333  POINT (116.33251 39.94862)  3.077366e+04         NaN
283  336.443819  POINT (116.33087 39.94971)  2.983967e+04         NaN
358  303.909214  POINT (116.33231 39.94890)  6.486837e+04         NaN
566  134.428967  POINT (116.33070 39.94786)           NaN         NaN
56   474.601773  POINT (116.38112 39.90810)  3.255090e+04       994.0
9    474.592517  POINT (116.39150 39.91117)  6.049100e+09         NaN
314  308.925136  POINT (116.38435 39.91197)  4.736412e+04         NaN
597  428.145057  POINT (116.38601 39.91348)  8.461758e+04         NaN
672  397.880737  POINT (116.38730 39.91314)  8.054607e+04         NaN
438  427.719516  POINT (116.38999 39.91225)  3.107484e+04         NaN
392  252.105828  POINT (116.38699 39.91184)  9.314894e+04         NaN
593  295.982639  POINT (116.38932 39.91097)  5.647376e+04         NaN
8    457.663107  POINT (116.39099 39.90763)  6.015524e+09         NaN
552   280.53603  POINT (116.38537 39.90722)  3.263433e+04         NaN
436  287.777203  POINT (116.38611 39.90706)  1.167116e+04         NaN
607  246.784361  POINT (116.38409 39.90822)  2.388733e+04         NaN
616  100.762506  POINT (116.38599 39.90877)  5.584153e+04         NaN
496  102.736689  POINT (116.38748 39.90987)  2.063378e+04         NaN
10    84.901405  POINT (116.38701 39.90909)           NaN         NaN
22   490.339916  POINT (116.38062 39.92950)  7.270160e+08         NaN
304  484.612879  POINT (116.38100 39.92963)  4.382212e+04         NaN
21   499.444762  POINT (116.37972 39.92932)  7.270160e+08       726.0
391  369.308699  POINT (116.38094 39.93072)  7.579589e+04         NaN
20   407.773687  POINT (116.38134 39.93047)  7.270154e+08         NaN
469  259.177602  POINT (116.38206 39.93278)  2.603100e+04         NaN
210  463.851849  POINT (116.37654 39.93022)  7.307376e+04         NaN
275  404.426514  POINT (116.38356 39.93544)  3.011111e+04         NaN
315  270.590678  POINT (116.38145 39.93561)  4.316229e+04         NaN
354   187.47402  POINT (116.38062 39.93517)  7.465585e+03         NaN
501  323.619894  POINT (116.37711 39.93616)  6.453293e+04         NaN
229  449.466053  POINT (116.37611 39.93700)  5.457556e+04         NaN
240  307.149194  POINT (116.37701 39.93591)  9.687852e+04         NaN
658  443.754352  POINT (116.37671 39.93725)  3.138449e+04         NaN
468  106.244876  POINT (116.37817 39.93415)           NaN         NaN