k=5
centers=[(116.33013671736265, 39.94673486389547), (116.38631062448721, 39.909639006427845), (116.37932931089628, 39.93379914246825), (116.36005467231374, 39.920180285110376), (116.3693991194579, 39.90895361692876)]
covered_points=75
tot_points=693
covered_points_ratio=0.10822510822510822
iterations=2778
iterations_ratio=0.8407990314769975
locations:
       distance                    geometry   id_location  Unnamed: 0
455  440.077707  POINT (116.32560 39.94484)  7.987408e+04         NaN
637  397.965769  POINT (116.32701 39.94408)  3.357590e+04      1864.0
577  288.095911  POINT (116.33088 39.94421)  1.287663e+04         NaN
475  293.438687  POINT (116.33229 39.94467)  1.463918e+04         NaN
300  423.587474  POINT (116.33394 39.94428)  5.593279e+04         NaN
..          ...                         ...           ...         ...
463  185.833047  POINT (116.37087 39.90772)  7.204105e+04         NaN
14    237.84905  POINT (116.36672 39.90955)  2.075580e+08         NaN
358   403.31661  POINT (116.36525 39.91070)  7.143248e+04         NaN
119  420.395593  POINT (116.36447 39.90885)  9.344570e+04         NaN
460   72.732798  POINT (116.37025 39.90901)           NaN         NaN

[75 rows x 4 columns]